Accuracy: 0.9776119402985075
Precision: 0.9285714285714286
Recall: 0.8666666666666667
F1-score: 0.896551724137931
ROC-AUC: 0.9291316526610645
